419.51
353.09
366.10
317.15
428.39
297.04
274.96
260.14
341.42
324.84
143.91
354.33
349.13
218.31
291.85
411.13
401.41
397.49
455.55
289.13
282.86
216.91
296.98
289.14
227.67
310.86
321.82
446.02
263.25
323.15
349.67
285.98
327.43
340.75
359.27
317.97
264.97
402.26
304.49
247.40
254.78
228.55
383.32
299.64
448.26
329.10
317.14
289.28
314.17
387.12
393.88
341.47
410.40
354.61
259.93
312.06
350.26
292.23
442.03
362.06
373.16
259.64
242.78
365.29
280.99
349.44
348.02
323.04
327.19
295.67
423.27
390.71
225.85
303.40
246.38
260.11
310.07
267.88
248.76
249.92
366.63
461.66
424.54
458.84
259.54
374.85
359.49
213.38
193.68
250.06
268.76
341.71
326.09
384.67
359.01
420.69
434.14
276.40
150.70
193.20
223.94
262.63
306.55
270.96
393.87
349.83
352.13
312.24
371.97
297.89
285.90
395.54
308.07
368.17
320.90
253.02
185.87
330.03
439.10
353.03
366.65
282.47
366.36
394.75
358.36
254.39
260.37
541.85
338.53
313.75
